from numpy import * 

# 0, i, j, k, ij, ik, jk, ijk

#V = matrix('0 0 0 0 0 0 0 0; 0 100 0 0 0 0 0 0; 0 0 125 0 0 0 0 0; 0 0 0 50 0 0 0 0; 0 0 0 0 270 0 0 0; 0 0 0 0 0 375 0 0; 0 0 0 0 0 0 350 0; 0 0 0 0 0 0 0 500')
#V = matrix('0 0 0 0 0 0 0 0; 0 0 0 0 0 0 0 0; 0 0 125 0 0 0 0 0; 0 0 0 50 0 0 0 0; 0 0 0 0 125 0 0 0; 0 0 0 0 0 50 0 0; 0 0 0 0 0 0 350 0; 0 0 0 0 0 0 0 350')
#V = matrix('0 0 0 0 0 0 0 0; 0 100 0 0 0 0 0 0; 0 0 125 0 0 0 0 0; 0 0 0 50 0 0 0 0; 0 0 0 0 70 0 0 0; 0 0 0 0 0 75 0 0; 0 0 0 0 0 0 50 0; 0 0 0 0 0 0 0 50')
t = [0,1,2,3,4,5,6,7]

#V = matrix('0 0 0 0 0 0 0 0; 0 100 0 0 0 0 0 0; 0 0 100 0 0 0 0 0; 0 0 0 50 0 0 0 0; 0 0 0 0 270 0 0 0; 0 0 0 0 0 375 0 0; 0 0 0 0 0 0 375 0; 0 0 0 0 0 0 0 500')
#t = [2,1,0,3,4,5,6,7]


#V = matrix('0 0 0 0 0 0 0 0; 0 100 -10 -10 0 0 -10 0; 0 -10 125 0 0 -10 0 0; 0 -10 0 50 -10 0 0 0; 0 0 0 -10 270 0 0 0; 0 0 -10 0 0 375 0 0; 0 -10 0 0 0 0 350 0; 0 0 0 0 0 0 0 500')
#t = [6,1,2,0,5,4,3,7]

#V = matrix('0 0 0 0 0 0 0 0; 0 100 10 10 0 0 10 0; 0 -10 120 0 0 10 0 0; 0 -10 0 50 10 0 0 0; 0 0 0 -10 270 0 0 0; 0 0 -10 0 0 375 0 0; 0 -10 0 0 0 0 350 0; 0 0 0 0 0 0 0 500')
#t = [6,1,2,0,5,4,3,7]

#V = matrix('0 0 0 0 0 0 0 0; 0 100 -10 -10 0 0 -10 0; 0 -10 50 0 0 -10 0 0; 0 -10 0 125 -10 0 0 0; 0 0 0 -10 375 0 0 0; 0 0 -10 0 0 270 0 0; 0 -10 0 0 0 0 350 0; 0 0 0 0 0 0 0 500')
#t = [6,1,0,2,4,5,3,7]
#V = matrix('0 0 0 0 0 0 0 0; 0 100 10 10 0 0 10 0; 0 -10 50 0 0 10 0 0; 0 -10 0 50 10 0 0 0; 0 0 0 -10 375 0 0 0; 0 0 -10 0 0 375 0 0; 0 -10 0 0 0 0 350 0; 0 0 0 0 0 0 0 500')
#t = [6,1,2,4,5,3,0,7]

V = matrix('0 0 0 0 0 0 0 0; 0 5 0 0 0 0 0 0; 0 0 5 0 0 0 0 0; 0 0 0 5 0 0 0 0; 0 0 0 0 12 0 0 0; 0 0 0 0 0 12 0 0; 0 0 0 0 0 0 12 0; 0 0 0 0 0 0 0 50')

A = matrix('0 0 0 0 0 0 0 0; 0 0 -10 -10 0 0 -10 0; 0 10 0 0 -10 -10 0 0; 0 10 0 0 -10 -10 0 0; 0 0 10 10 0 0 0 0; 0 0 10 10 0 0 0 0; 0 10 0 0 0 0 0 0; 0 0 0 0 0 0 0 0')

#t = [6,4,0,1,2,3,5,7]
#A = matrix('0 0 0 0 0 0 0 0; 0 0 1 1 0 0 1 0; 0 -1 0 0 -1 -1 0 0; 0 -1 0 0 -1 -1 0 0; 0 0 1 1 0 0 0 0; 0 0 1 1 0 0 0 0; 0 -1 0 0 0 0 0 0; 0 0 0 0 0 0 0 0')
#t = [6,4,0,1,2,3,5,7]

#A = matrix('0 0 0 0 0 0 0 0; 0 0 10 10 0 0 10 0; 0 -10 0 0 20 20 0 0; 0 -10 0 0 10 10 0 0; 0 0 -20 -10 0 0 0 0; 0 0 -20 -10 0 0 0 0; 0 -10 0 0 0 0 0 0; 0 0 0 0 0 0 0 0')
#V = matrix('0 0 0 0 0 0 0 0; 0 5 -10000000 -10000000 0 0 -10000000 0; 0 10000000 5 0 -10000000 -10000000 0 0; 0 10000000 0 5 -10000000 -10000000 0 0; 0 0 10000000 10000000 12 0 0 0; 0 0 10000000 10000000 0 12 0 0; 0 10000000 0 0 0 0 12 0; 0 0 0 0 0 0 0 50')
#t = [6,5,0,1,2,3,4,7]
#V = matrix('0 0 0 0 0 0 0 0; 0 5 0 0 0 0 0 0; 0 0 5 0 0 0 0 0; 0 0 0 5 0 0 0 0; 0 0 0 0 12 0 0 0; 0 0 0 0 0 12 0 0; 0 0 0 0 0 0 12 0; 0 0 0 0 0 0 0 50')


#V = matrix('0 0 0 0 0 0 0 0; 0 100 0 -10 0 0 -10 0; 0 0 0 0 0 0 0 0; 0 -10 0 50 -10 0 0 0; 0 0 0 -10 100 0 -10 0; 0 0 0 0 0 375 0 0; 0 -10 0 0 -10 0 50 0; 0 0 0 0 0 0 0 375')
#t = [5,1,4,3,2,6,0,7]

#V = matrix('0 0 0 0 0 0 0 0; 0 0 1 0 0 0 1 0; 0 1 0 0 0 1 0 0; 0 0 0 0 0 0 0 0; 0 0 0 0 0 0 0 0; 0 0 1 0 0 0 1 0; 0 1 0 0 0 1 0 0; 0 0 0 0 0 0 0 0')
#t = [0,1,3,4,2,5,6,7]

#V = matrix('0 0 0 0 0 0 0 0; 0 1 2 0 -3 0 0 0; 0 2 1 0 -3 0 0 0; 0 0 0 0 0 0 0 0; 0 3 3 0 10 0 0 0; 0 0 0 0 0 0 0 0; 0 0 0 0 0 0 0 0; 0 0 0 0 0 0 0 10')
#V = matrix('0 0 0 0 0 0 0 0; 0 1 -5 0 0 0 0 0; 0 5 1 0 0 0 0 0; 0 0 0 0 0 0 0 0; 0 0 0 0 10 0 0 0; 0 0 0 0 0 1 0 0; 0 0 0 0 0 0 1 0; 0 0 0 0 0 0 0 10')
#t = [2,1,0,3,4,5,6,7]

#print(V)
print(V+A)

K = V+1000000*A
nk = linalg.norm(A)

TT = identity(8)
TT[:,:] = TT[t,:]


a, H = linalg.eig(V)
#print(a)
J = diag(a)

D = TT.dot(J).dot(TT.T)
G = H.dot(TT.T)

T1 = matrix('0 1 0 0 0 0 0 0; 1 0 0 0 0 0 0 0; 0 0 0 0 1 0 0 0; 0 0 0 0 0 1 0 0; 0 0 1 0 0 0 0 0; 0 0 0 1 0 0 0 0; 0 0 0 0 0 0 0 1; 0 0 0 0 0 0 1 0')
T2 = matrix('0 0 1 0 0 0 0 0; 0 0 0 0 1 0 0 0; 1 0 0 0 0 0 0 0; 0 0 0 0 0 0 1 0; 0 1 0 0 0 0 0 0; 0 0 0 0 0 0 0 1; 0 0 0 1 0 0 0 0; 0 0 0 0 0 1 0 0')
T3 = matrix('0 0 0 1 0 0 0 0; 0 0 0 0 0 1 0 0; 0 0 0 0 0 0 1 0; 1 0 0 0 0 0 0 0; 0 0 0 0 0 0 0 1; 0 1 0 0 0 0 0 0; 0 0 1 0 0 0 0 0; 0 0 0 0 1 0 0 0')

I1 = diag(array([1,0,1,1,0,0,1,0]))
I2 = diag(array([1,1,0,1,0,1,0,0]))
I3 = diag(array([1,1,1,0,1,0,0,0]))

d1 = matrix(diagonal(I1.dot(T1.dot(D).dot(T1) - D).dot(I1)))
d2 = matrix(diagonal(I2.dot(T2.dot(D).dot(T2) - D).dot(I2)))
d3 = matrix(diagonal(I3.dot(T3.dot(D).dot(T3) - D).dot(I3)))

p1 = (1/6)*matrix('2 0 1 1 0 0 2 0')
p2 = (1/6)*matrix('2 1 0 1 0 2 0 0')
p3 = (1/6)*matrix('2 1 1 0 2 0 0 0')

q1 = sqrt(p1)
q2 = sqrt(p2)
q3 = sqrt(p3)

ShV1 = d1.dot(p1.T)
ShV2 = d2.dot(p2.T)
ShV3 = d3.dot(p3.T)
#print(ShV1)
#print(ShV2)
#print(ShV3)


V = K

t = [6,4,0,1,2,3,5,7]
TT = identity(8)
TT[:,:] = TT[t,:]


a, H = linalg.eig(V)
#a, H = linalg.eigh(V)
#print(a)
J = diag(a)

D = TT.dot(J).dot(TT.T)
G = H.dot(TT.T)

T1 = matrix('0 1 0 0 0 0 0 0; 1 0 0 0 0 0 0 0; 0 0 0 0 1 0 0 0; 0 0 0 0 0 1 0 0; 0 0 1 0 0 0 0 0; 0 0 0 1 0 0 0 0; 0 0 0 0 0 0 0 1; 0 0 0 0 0 0 1 0')
T2 = matrix('0 0 1 0 0 0 0 0; 0 0 0 0 1 0 0 0; 1 0 0 0 0 0 0 0; 0 0 0 0 0 0 1 0; 0 1 0 0 0 0 0 0; 0 0 0 0 0 0 0 1; 0 0 0 1 0 0 0 0; 0 0 0 0 0 1 0 0')
T3 = matrix('0 0 0 1 0 0 0 0; 0 0 0 0 0 1 0 0; 0 0 0 0 0 0 1 0; 1 0 0 0 0 0 0 0; 0 0 0 0 0 0 0 1; 0 1 0 0 0 0 0 0; 0 0 1 0 0 0 0 0; 0 0 0 0 1 0 0 0')

I1 = diag(array([1,0,1,1,0,0,1,0]))
I2 = diag(array([1,1,0,1,0,1,0,0]))
I3 = diag(array([1,1,1,0,1,0,0,0]))

d1 = matrix(diagonal(I1.dot(T1.dot(D).dot(T1) - D).dot(I1)))
d2 = matrix(diagonal(I2.dot(T2.dot(D).dot(T2) - D).dot(I2)))
d3 = matrix(diagonal(I3.dot(T3.dot(D).dot(T3) - D).dot(I3)))

p1 = (1/6)*matrix('2 0 1 1 0 0 2 0')
p2 = (1/6)*matrix('2 1 0 1 0 2 0 0')
p3 = (1/6)*matrix('2 1 1 0 2 0 0 0')

q1 = sqrt(p1)
q2 = sqrt(p2)
q3 = sqrt(p3)

ShK1 = d1.dot(p1.T)
ShK2 = d2.dot(p2.T)
ShK3 = d3.dot(p3.T)
#print(ShK1)
#print(ShK2)
#print(ShK3)

a = exp(-0.005*nk)
Sh1 = a*ShV1 + (1-a)*ShK1
Sh2 = a*ShV2 + (1-a)*ShK2
Sh3 = a*ShV3 + (1-a)*ShK3

print(real(Sh1))
print(real(Sh2))
print(real(Sh3))
